Puzzel 1 solution 
4 1 7 3 6 9 8 2 5 
6 3 2 1 5 8 9 4 7 
9 5 8 7 2 4 3 1 6 
8 2 5 4 3 7 1 6 9 
7 9 1 5 8 6 4 3 2 
3 4 6 9 1 2 7 5 8 
2 8 9 6 4 3 5 7 1 
5 7 3 2 9 1 6 8 4 
1 6 4 8 7 5 2 9 3 


Puzzel 2 solution 
5 2 7 3 1 6 4 8 9 
8 9 6 5 4 2 7 3 1 
3 1 4 9 8 7 5 6 2 
1 7 2 4 5 3 8 9 6 
6 8 9 2 7 1 3 5 4 
4 5 3 6 9 8 2 1 7 
9 4 1 8 2 5 6 7 3 
7 6 5 1 3 4 9 2 8 
2 3 8 7 6 9 1 4 5 


Puzzel 3 solution 
6 1 7 4 5 9 8 2 3 
2 4 8 7 3 6 9 1 5 
5 3 9 1 2 8 4 6 7 
9 8 2 5 6 4 3 7 1 
3 7 4 2 9 1 5 8 6 
1 5 6 8 7 3 2 9 4 
8 2 3 6 4 7 1 5 9 
7 9 1 3 8 5 6 4 2 
4 6 5 9 1 2 7 3 8 


Puzzel 4 solution 
4 8 7 3 1 2 6 9 5 
5 9 3 6 8 4 2 7 1 
1 2 6 5 9 7 3 8 4 
7 3 5 8 4 9 1 6 2 
9 1 4 2 6 5 8 3 7 
2 6 8 7 3 1 5 4 9 
8 5 1 4 7 6 9 2 3 
3 7 9 1 2 8 4 5 6 
6 4 2 9 5 3 7 1 8 


Puzzel 5 solution 
9 6 2 3 1 4 8 5 7 
1 3 4 5 8 7 2 6 9 
5 7 8 2 9 6 4 1 3 
8 4 7 9 6 2 5 3 1 
6 5 1 8 7 3 9 4 2 
3 2 9 1 4 5 7 8 6 
2 8 5 6 3 9 1 7 4 
7 9 3 4 5 1 6 2 8 
4 1 6 7 2 8 3 9 5 


Puzzel 6 solution 
4 1 6 8 3 7 5 2 9 
9 8 2 4 6 5 3 7 1 
7 3 5 1 2 9 4 6 8 
5 7 1 2 9 8 6 4 3 
2 9 3 7 4 6 1 8 5 
8 6 4 3 5 1 2 9 7 
6 4 7 9 1 3 8 5 2 
3 5 9 6 8 2 7 1 4 
1 2 8 5 7 4 9 3 6 


Puzzel 7 solution 
6 8 2 1 5 4 3 7 9 
9 5 1 7 6 3 8 4 2 
3 7 4 8 9 2 1 6 5 
4 3 7 5 2 8 9 1 6 
8 1 6 9 3 7 2 5 4 
2 9 5 4 1 6 7 3 8 
5 6 8 2 7 1 4 9 3 
7 2 9 3 4 5 6 8 1 
1 4 3 6 8 9 5 2 7 


Puzzel 8 solution 
6 5 2 4 8 1 9 3 7 
8 3 4 6 7 9 1 5 2 
9 7 1 3 2 5 8 6 4 
4 6 7 8 1 2 5 9 3 
3 1 5 7 9 4 6 2 8 
2 9 8 5 6 3 4 7 1 
1 8 6 9 3 7 2 4 5 
5 2 3 1 4 6 7 8 9 
7 4 9 2 5 8 3 1 6 


Puzzel 9 solution 
6 8 2 1 5 3 4 7 9 
9 5 1 7 6 4 8 3 2 
3 7 4 8 9 2 1 6 5 
4 3 7 5 2 8 9 1 6 
8 1 6 9 4 7 2 5 3 
2 9 5 3 1 6 7 4 8 
5 6 8 2 7 1 3 9 4 
7 2 9 4 3 5 6 8 1 
1 4 3 6 8 9 5 2 7 


Puzzel 10 solution 
7 9 2 3 5 1 6 4 8 
5 4 3 7 8 6 1 2 9 
6 8 1 4 2 9 5 3 7 
1 5 7 6 4 8 2 9 3 
9 2 4 1 3 7 8 6 5 
8 3 6 2 9 5 4 7 1 
3 6 8 5 7 2 9 1 4 
4 1 9 8 6 3 7 5 2 
2 7 5 9 1 4 3 8 6 


Puzzel 11 solution 
6 1 4 3 8 2 5 7 9 
9 5 3 7 6 4 8 1 2 
8 2 7 5 9 1 4 3 6 
7 4 2 6 3 5 1 9 8 
1 6 8 2 7 9 3 5 4 
3 9 5 4 1 8 6 2 7 
2 8 6 1 5 7 9 4 3 
5 7 9 8 4 3 2 6 1 
4 3 1 9 2 6 7 8 5 


Puzzel 12 solution 
8 6 3 5 2 1 7 9 4 
1 2 7 4 9 6 8 5 3 
9 5 4 3 8 7 6 2 1 
6 4 5 8 3 9 1 7 2 
7 3 9 1 4 2 5 6 8 
2 8 1 7 6 5 4 3 9 
4 9 8 6 5 3 2 1 7 
5 1 2 9 7 4 3 8 6 
3 7 6 2 1 8 9 4 5 


Puzzel 13 solution 
1 3 5 4 2 6 9 8 7 
8 4 6 9 5 7 3 2 1 
9 2 7 3 8 1 4 6 5 
2 1 3 7 4 8 6 5 9 
5 9 8 1 6 3 7 4 2 
6 7 4 2 9 5 8 1 3 
3 5 1 6 7 4 2 9 8 
4 8 2 5 3 9 1 7 6 
7 6 9 8 1 2 5 3 4 


Puzzel 14 solution 
3 5 6 8 7 1 2 9 4 
9 7 2 6 4 3 8 5 1 
8 4 1 9 5 2 7 3 6 
2 1 3 4 6 5 9 8 7 
7 9 4 3 1 8 6 2 5 
6 8 5 2 9 7 4 1 3 
1 2 8 7 3 6 5 4 9 
5 6 9 1 8 4 3 7 2 
4 3 7 5 2 9 1 6 8 


Puzzel 15 solution 
1 2 9 5 7 6 3 4 8 
3 7 6 4 2 8 5 1 9 
5 8 4 3 9 1 6 2 7 
2 9 3 8 1 5 7 6 4 
4 1 7 2 6 3 8 9 5 
8 6 5 7 4 9 1 3 2 
9 5 8 6 3 2 4 7 1 
7 3 1 9 8 4 2 5 6 
6 4 2 1 5 7 9 8 3 


Puzzel 16 solution 
6 1 5 3 8 2 4 7 9 
9 4 3 7 6 5 8 1 2 
8 2 7 4 9 1 5 3 6 
7 5 2 6 3 4 1 9 8 
1 6 8 2 7 9 3 5 4 
3 9 4 5 1 8 6 2 7 
2 8 6 1 5 7 9 4 3 
5 7 9 8 4 3 2 6 1 
4 3 1 9 2 6 7 8 5 


Puzzel 17 solution 
7 1 8 4 3 5 6 9 2 
9 6 3 2 7 8 5 4 1 
2 5 4 9 6 1 3 7 8 
5 4 7 6 1 2 8 3 9 
1 9 2 3 8 7 4 5 6 
3 8 6 5 4 9 1 2 7 
6 7 5 8 9 3 2 1 4 
4 2 1 7 5 6 9 8 3 
8 3 9 1 2 4 7 6 5 


Puzzel 18 solution 
4 5 8 2 7 6 9 3 1 
6 2 3 8 9 1 4 7 5 
1 9 7 5 3 4 2 8 6 
3 7 1 4 5 2 6 9 8 
2 6 9 7 8 3 1 5 4 
8 4 5 1 6 9 3 2 7 
7 1 2 9 4 8 5 6 3 
9 8 6 3 1 5 7 4 2 
5 3 4 6 2 7 8 1 9 


Puzzel 19 solution 
1 2 3 7 5 9 4 8 6 
8 7 4 2 6 1 5 9 3 
9 6 5 3 8 4 7 2 1 
2 1 6 5 4 3 9 7 8 
3 5 7 8 9 6 1 4 2 
4 9 8 1 2 7 3 6 5 
5 3 2 4 7 8 6 1 9 
6 4 1 9 3 2 8 5 7 
7 8 9 6 1 5 2 3 4 


Puzzel 20 solution 
5 1 8 4 7 6 2 3 9 
4 2 7 3 5 9 6 1 8 
9 6 3 8 2 1 5 7 4 
7 9 5 2 4 8 3 6 1 
8 3 2 6 1 7 9 4 5 
1 4 6 9 3 5 8 2 7 
3 7 9 5 6 4 1 8 2 
6 5 1 7 8 2 4 9 3 
2 8 4 1 9 3 7 5 6 


Puzzel 21 solution 
4 9 8 7 1 6 5 2 3 
2 5 7 8 3 9 4 6 1 
1 3 6 4 2 5 9 8 7 
9 7 1 3 8 2 6 5 4 
6 8 4 1 5 7 3 9 2 
5 2 3 6 9 4 7 1 8 
7 6 5 2 4 1 8 3 9 
3 1 9 5 7 8 2 4 6 
8 4 2 9 6 3 1 7 5 


Puzzel 22 solution 
1 3 2 4 7 9 6 5 8 
8 4 7 5 6 3 2 9 1 
9 5 6 2 8 1 3 4 7 
4 1 3 7 2 5 8 6 9 
5 2 8 1 9 6 4 7 3 
7 6 9 3 4 8 1 2 5 
2 7 1 8 5 4 9 3 6 
3 9 4 6 1 7 5 8 2 
6 8 5 9 3 2 7 1 4 


Puzzel 23 solution 
4 1 7 3 6 9 8 2 5 
6 3 8 1 2 5 9 4 7 
9 5 2 7 4 8 3 1 6 
8 2 5 4 3 7 1 6 9 
7 9 1 8 5 6 4 3 2 
3 4 6 9 1 2 7 5 8 
2 8 4 6 9 3 5 7 1 
5 7 3 2 8 1 6 9 4 
1 6 9 5 7 4 2 8 3 


Puzzel 24 solution 
9 2 5 3 7 1 4 8 6 
1 6 3 4 9 8 7 2 5 
8 7 4 5 6 2 3 9 1 
5 4 2 6 8 9 1 3 7 
6 1 8 7 5 3 9 4 2 
7 3 9 1 2 4 6 5 8 
4 8 7 9 1 5 2 6 3 
3 5 1 2 4 6 8 7 9 
2 9 6 8 3 7 5 1 4 


Puzzel 25 solution 
1 2 3 4 5 6 7 8 9 
6 4 9 8 3 7 2 5 1 
8 5 7 2 9 1 6 3 4 
2 7 4 5 1 8 9 6 3 
3 9 8 6 7 2 4 1 5 
5 6 1 9 4 3 8 2 7 
4 1 6 7 2 5 3 9 8 
9 8 5 3 6 4 1 7 2 
7 3 2 1 8 9 5 4 6 


Puzzel 26 solution 
4 7 5 6 9 1 3 2 8 
9 6 1 8 3 2 7 4 5 
8 2 3 7 5 4 1 9 6 
2 5 9 1 4 3 6 8 7 
3 4 7 5 8 6 2 1 9 
6 1 8 9 2 7 5 3 4 
5 3 4 2 6 9 8 7 1 
7 9 6 3 1 8 4 5 2 
1 8 2 4 7 5 9 6 3 


Puzzel 27 solution 
3 4 9 5 2 6 8 7 1 
5 2 1 8 9 7 6 4 3 
8 7 6 4 1 3 5 2 9 
7 1 8 3 6 9 2 5 4 
4 6 5 2 8 1 3 9 7 
9 3 2 7 4 5 1 8 6 
6 5 4 1 7 8 9 3 2 
1 8 7 9 3 2 4 6 5 
2 9 3 6 5 4 7 1 8 


Puzzel 28 solution 
6 1 8 3 4 2 5 7 9 
9 4 3 7 6 5 1 8 2 
5 2 7 8 9 1 4 3 6 
7 5 2 6 3 4 8 9 1 
8 6 1 2 7 9 3 5 4 
3 9 4 5 1 8 6 2 7 
2 8 6 1 5 7 9 4 3 
1 7 9 4 8 3 2 6 5 
4 3 5 9 2 6 7 1 8 


Puzzel 29 solution 
9 4 7 5 8 2 3 6 1 
8 6 3 4 7 1 9 5 2 
1 5 2 6 3 9 7 8 4 
6 2 4 8 1 3 5 7 9 
7 3 8 2 9 5 4 1 6 
5 1 9 7 6 4 8 2 3 
2 8 5 9 4 6 1 3 7 
3 9 6 1 5 7 2 4 8 
4 7 1 3 2 8 6 9 5 


Puzzel 30 solution 
2 5 4 3 7 9 8 6 1 
7 6 1 2 4 8 5 9 3 
8 9 3 5 1 6 7 4 2 
3 2 6 7 9 1 4 5 8 
9 1 5 8 2 4 3 7 6 
4 8 7 6 5 3 2 1 9 
5 3 8 1 6 7 9 2 4 
1 4 2 9 8 5 6 3 7 
6 7 9 4 3 2 1 8 5 


Puzzel 31 solution 
3 8 5 6 2 1 4 9 7 
1 7 9 5 8 4 3 2 6 
4 2 6 7 3 9 5 1 8 
7 6 2 3 9 5 8 4 1 
5 3 4 8 1 2 7 6 9 
8 9 1 4 7 6 2 5 3 
9 1 7 2 5 3 6 8 4 
2 4 3 1 6 8 9 7 5 
6 5 8 9 4 7 1 3 2 


Puzzel 32 solution 
8 3 6 5 2 1 9 4 7 
1 4 2 3 7 9 5 8 6 
9 7 5 6 4 8 3 2 1 
3 6 4 8 9 2 7 1 5 
2 5 9 1 6 7 4 3 8 
7 8 1 4 3 5 2 6 9 
5 9 8 2 1 4 6 7 3 
4 1 3 7 5 6 8 9 2 
6 2 7 9 8 3 1 5 4 


Puzzel 33 solution 
4 2 7 5 9 3 1 8 6 
3 1 5 8 6 2 4 7 9 
9 6 8 1 7 4 3 2 5 
6 5 9 3 2 8 7 1 4 
7 3 1 6 4 9 8 5 2 
2 8 4 7 5 1 9 6 3 
5 9 3 2 8 7 6 4 1 
8 4 2 9 1 6 5 3 7 
1 7 6 4 3 5 2 9 8 


Puzzel 34 solution 
7 8 1 9 4 2 3 6 5 
3 2 4 5 7 6 9 1 8 
6 5 9 8 3 1 7 2 4 
8 1 5 7 2 3 4 9 6 
9 3 6 1 5 4 8 7 2 
2 4 7 6 9 8 1 5 3 
5 7 8 3 6 9 2 4 1 
1 6 2 4 8 7 5 3 9 
4 9 3 2 1 5 6 8 7 


Puzzel 35 solution 
7 4 8 3 9 2 1 6 5 
3 6 9 5 1 4 7 2 8 
1 2 5 8 7 6 9 4 3 
9 3 2 1 4 7 8 5 6 
6 8 7 2 3 5 4 1 9 
5 1 4 6 8 9 3 7 2 
8 5 3 4 6 1 2 9 7 
4 7 6 9 2 3 5 8 1 
2 9 1 7 5 8 6 3 4 


Puzzel 36 solution 
4 1 7 3 6 9 5 2 8 
8 3 9 1 2 5 7 4 6 
6 5 2 7 4 8 3 1 9 
9 2 5 8 3 7 4 6 1 
7 4 1 9 5 6 8 3 2 
3 8 6 4 1 2 9 5 7 
2 9 4 6 8 3 1 7 5 
5 7 3 2 9 1 6 8 4 
1 6 8 5 7 4 2 9 3 


Puzzel 37 solution 
1 2 4 5 9 7 3 6 8 
3 6 9 4 2 8 5 1 7 
5 8 7 3 6 1 9 2 4 
2 9 3 8 1 5 7 4 6 
4 1 6 2 7 3 8 9 5 
8 7 5 9 4 6 1 3 2 
9 5 8 6 3 2 4 7 1 
6 3 1 7 8 4 2 5 9 
7 4 2 1 5 9 6 8 3 


Puzzel 38 solution 
1 3 7 9 2 6 4 8 5 
9 6 4 5 8 7 2 3 1 
8 2 5 3 4 1 9 6 7 
2 4 1 8 9 5 6 7 3 
6 7 3 4 1 2 5 9 8 
5 8 9 6 7 3 1 4 2 
7 5 8 1 6 4 3 2 9 
3 9 6 2 5 8 7 1 4 
4 1 2 7 3 9 8 5 6 


Puzzel 39 solution 
2 4 9 8 6 5 1 7 3 
5 3 1 9 7 4 2 6 8 
8 6 7 1 3 2 4 9 5 
4 2 3 7 8 6 5 1 9 
9 8 6 2 5 1 3 4 7 
7 1 5 3 4 9 8 2 6 
6 9 2 5 1 8 7 3 4 
3 5 4 6 2 7 9 8 1 
1 7 8 4 9 3 6 5 2 


Puzzel 40 solution 
3 5 1 8 4 6 7 2 9 
2 8 7 3 1 9 6 4 5 
6 9 4 7 2 5 1 8 3 
1 6 8 5 3 4 9 7 2 
7 2 5 1 9 8 3 6 4 
9 4 3 2 6 7 5 1 8 
5 1 6 4 8 3 2 9 7 
8 3 2 9 7 1 4 5 6 
4 7 9 6 5 2 8 3 1 


Puzzel 41 solution 
7 4 8 5 9 1 3 2 6 
1 9 5 6 2 3 8 4 7 
2 6 3 4 8 7 5 1 9 
4 2 1 9 3 6 7 5 8 
3 5 6 8 7 4 2 9 1 
9 8 7 1 5 2 6 3 4 
8 3 2 7 4 9 1 6 5 
6 7 9 2 1 5 4 8 3 
5 1 4 3 6 8 9 7 2 


Puzzel 42 solution 
7 2 3 4 6 9 8 5 1 
6 5 1 2 3 8 7 9 4 
8 9 4 7 1 5 6 3 2 
3 7 5 6 9 1 4 2 8 
9 1 2 8 7 4 3 6 5 
4 8 6 5 2 3 9 1 7 
2 4 8 3 5 6 1 7 9 
1 3 7 9 8 2 5 4 6 
5 6 9 1 4 7 2 8 3 


Puzzel 43 solution 
9 4 7 6 2 8 3 5 1 
8 6 3 7 5 1 4 9 2 
1 2 5 3 4 9 6 7 8 
7 3 4 8 9 5 1 2 6 
5 8 9 1 6 2 7 3 4 
6 1 2 4 7 3 9 8 5 
4 7 8 2 3 6 5 1 9 
2 5 6 9 1 7 8 4 3 
3 9 1 5 8 4 2 6 7 


Puzzel 44 solution 
1 3 2 4 6 7 8 9 5 
9 5 7 3 8 1 2 4 6 
8 6 4 5 2 9 7 3 1 
4 2 9 6 7 3 1 5 8 
5 7 8 9 1 2 3 6 4 
6 1 3 8 5 4 9 7 2 
3 8 5 2 9 6 4 1 7 
2 4 1 7 3 5 6 8 9 
7 9 6 1 4 8 5 2 3 


Puzzel 45 solution 
1 4 3 5 8 7 9 6 2 
8 5 2 4 9 6 7 3 1 
9 7 6 3 2 1 5 8 4 
2 1 4 6 7 5 3 9 8 
6 3 5 8 1 9 4 2 7 
7 8 9 2 4 3 6 1 5 
3 2 1 7 6 4 8 5 9 
4 6 8 9 5 2 1 7 3 
5 9 7 1 3 8 2 4 6 


Puzzel 46 solution 
7 8 3 4 6 5 2 1 9 
4 2 1 9 7 3 6 5 8 
9 6 5 2 8 1 7 3 4 
3 4 7 1 2 8 5 9 6 
1 9 8 5 4 6 3 2 7 
6 5 2 3 9 7 4 8 1 
2 1 6 8 5 4 9 7 3 
5 3 4 7 1 9 8 6 2 
8 7 9 6 3 2 1 4 5 


Puzzel 47 solution 
2 1 9 6 7 5 8 4 3 
8 6 5 4 3 9 7 2 1 
7 4 3 2 8 1 5 9 6 
9 3 6 5 1 2 4 8 7 
1 5 7 3 4 8 9 6 2 
4 2 8 9 6 7 1 3 5 
3 8 2 7 5 4 6 1 9 
6 7 1 8 9 3 2 5 4 
5 9 4 1 2 6 3 7 8 


Puzzel 48 solution 
1 2 6 7 3 9 8 4 5 
8 4 7 6 2 5 3 9 1 
9 3 5 4 8 1 7 6 2 
2 1 3 8 6 4 5 7 9 
6 5 4 9 7 3 2 1 8 
7 9 8 5 1 2 4 3 6 
3 6 1 2 4 8 9 5 7 
4 8 9 1 5 7 6 2 3 
5 7 2 3 9 6 1 8 4 


Puzzel 49 solution 
2 7 3 6 8 1 4 9 5 
8 9 1 7 5 4 2 6 3 
5 4 6 3 9 2 1 7 8 
1 6 9 5 3 7 8 2 4 
4 8 5 2 6 9 7 3 1 
3 2 7 1 4 8 9 5 6 
7 3 4 9 1 6 5 8 2 
9 5 8 4 2 3 6 1 7 
6 1 2 8 7 5 3 4 9 


Puzzel 50 solution 
6 5 4 3 1 2 8 7 9 
9 1 3 8 7 6 4 5 2 
8 2 7 4 9 5 1 3 6 
7 4 2 6 3 8 5 9 1 
1 6 5 7 2 9 3 8 4 
3 9 8 5 4 1 6 2 7 
2 8 6 1 5 7 9 4 3 
4 7 1 9 8 3 2 6 5 
5 3 9 2 6 4 7 1 8 


Puzzel 51 solution 
1 5 2 7 3 8 9 4 6 
8 6 4 2 9 1 3 7 5 
9 7 3 6 4 5 2 8 1 
2 1 6 3 5 7 4 9 8 
3 4 8 9 1 2 5 6 7 
5 9 7 4 8 6 1 2 3 
4 2 1 8 6 3 7 5 9 
6 3 9 5 7 4 8 1 2 
7 8 5 1 2 9 6 3 4 


Puzzel 52 solution 
1 7 4 5 8 9 3 6 2 
9 5 3 2 6 1 7 8 4 
8 6 2 3 4 7 9 5 1 
2 1 9 6 7 3 8 4 5 
3 8 7 4 1 5 2 9 6 
5 4 6 9 2 8 1 7 3 
6 2 8 1 9 4 5 3 7 
4 9 5 7 3 2 6 1 8 
7 3 1 8 5 6 4 2 9 


Puzzel 53 solution 
1 2 6 4 7 8 5 9 3 
8 3 7 5 9 2 4 6 1 
9 4 5 3 6 1 2 7 8 
4 1 2 9 3 7 8 5 6 
5 6 9 1 8 4 7 3 2 
7 8 3 2 5 6 9 1 4 
2 5 1 6 4 9 3 8 7 
3 7 4 8 1 5 6 2 9 
6 9 8 7 2 3 1 4 5 


Puzzel 54 solution 
9 6 4 8 1 5 2 3 7 
2 5 8 6 3 7 1 4 9 
3 1 7 9 2 4 6 5 8 
8 7 2 1 5 9 3 6 4 
4 9 5 2 6 3 7 8 1 
6 3 1 4 7 8 9 2 5 
7 8 3 5 9 6 4 1 2 
5 2 9 3 4 1 8 7 6 
1 4 6 7 8 2 5 9 3 


Puzzel 55 solution 
4 7 6 5 2 9 1 8 3 
8 9 5 1 7 3 6 2 4 
3 2 1 8 6 4 7 9 5 
5 1 7 3 9 8 2 4 6 
2 8 9 6 4 5 3 7 1 
6 3 4 7 1 2 9 5 8 
7 5 2 4 3 1 8 6 9 
1 6 8 9 5 7 4 3 2 
9 4 3 2 8 6 5 1 7 


Puzzel 56 solution 
5 3 8 1 2 7 9 4 6 
6 2 4 8 3 9 7 5 1 
7 1 9 6 4 5 3 8 2 
9 6 5 3 1 4 8 2 7 
3 8 1 7 6 2 5 9 4 
2 4 7 5 9 8 1 6 3 
4 9 3 2 8 1 6 7 5 
8 5 6 4 7 3 2 1 9 
1 7 2 9 5 6 4 3 8 


Puzzel 57 solution 
1 2 4 5 9 7 8 6 3 
9 3 7 6 4 8 2 1 5 
8 5 6 2 3 1 7 4 9 
5 1 3 7 8 6 4 9 2 
4 8 2 9 1 3 6 5 7 
7 6 9 4 2 5 1 3 8 
6 9 8 3 7 4 5 2 1 
3 4 1 8 5 2 9 7 6 
2 7 5 1 6 9 3 8 4 


Puzzel 58 solution 
8 7 2 4 5 9 6 3 1 
1 5 4 6 8 3 9 7 2 
9 6 3 7 2 1 4 8 5 
2 1 6 8 3 4 7 5 9 
5 4 9 2 1 7 3 6 8 
7 3 8 5 9 6 1 2 4 
4 8 1 3 6 2 5 9 7 
6 2 7 9 4 5 8 1 3 
3 9 5 1 7 8 2 4 6 


Puzzel 59 solution 
9 4 7 3 2 6 5 8 1 
8 5 2 4 9 1 6 7 3 
1 3 6 5 8 7 9 4 2 
2 8 4 7 3 5 1 6 9 
6 9 3 8 1 2 4 5 7 
7 1 5 6 4 9 2 3 8 
5 7 9 1 6 8 3 2 4 
3 2 8 9 5 4 7 1 6 
4 6 1 2 7 3 8 9 5 


Puzzel 60 solution 
2 1 5 8 7 6 9 4 3 
6 7 8 3 9 4 2 1 5 
3 4 9 1 2 5 8 7 6 
5 8 7 4 3 2 1 6 9 
4 6 3 9 8 1 7 5 2 
1 9 2 6 5 7 3 8 4 
8 2 6 7 4 3 5 9 1 
7 3 4 5 1 9 6 2 8 
9 5 1 2 6 8 4 3 7 


Puzzel 61 solution 
1 2 4 3 9 7 8 5 6 
8 3 5 6 4 1 2 9 7 
9 6 7 8 2 5 3 4 1 
2 4 1 5 3 8 7 6 9 
5 8 3 7 6 9 4 1 2 
6 7 9 4 1 2 5 3 8 
3 1 2 9 7 4 6 8 5 
4 9 8 2 5 6 1 7 3 
7 5 6 1 8 3 9 2 4 


Puzzel 62 solution 
1 2 5 9 7 6 3 4 8 
3 6 9 4 2 8 5 1 7 
7 8 4 3 5 1 9 2 6 
2 5 3 8 1 7 6 9 4 
4 1 6 2 9 3 8 7 5 
8 9 7 6 4 5 1 3 2 
9 7 8 5 3 2 4 6 1 
6 3 1 7 8 4 2 5 9 
5 4 2 1 6 9 7 8 3 


Puzzel 63 solution 
2 8 3 7 4 1 5 9 6 
6 1 5 2 3 9 7 4 8 
9 7 4 8 6 5 3 2 1 
3 9 7 1 2 6 8 5 4 
8 6 1 4 5 3 9 7 2 
4 5 2 9 7 8 6 1 3 
5 2 8 3 9 4 1 6 7 
7 3 6 5 1 2 4 8 9 
1 4 9 6 8 7 2 3 5 


Puzzel 64 solution 
9 5 7 6 3 8 4 2 1 
1 4 6 7 2 9 3 8 5 
8 3 2 5 4 1 6 7 9 
4 1 9 3 5 2 7 6 8 
6 2 8 4 1 7 9 5 3 
3 7 5 9 8 6 1 4 2 
7 9 1 2 6 5 8 3 4 
5 8 3 1 7 4 2 9 6 
2 6 4 8 9 3 5 1 7 


Puzzel 65 solution 
1 2 7 3 6 5 4 8 9 
8 5 3 4 9 1 2 7 6 
9 6 4 2 7 8 3 5 1 
2 3 1 7 5 6 8 9 4 
5 4 8 9 3 2 6 1 7 
6 7 9 1 8 4 5 2 3 
3 1 2 5 4 7 9 6 8 
4 8 5 6 1 9 7 3 2 
7 9 6 8 2 3 1 4 5 


Puzzel 66 solution 
3 4 5 6 7 1 2 9 8 
9 8 7 2 5 3 1 4 6 
6 2 1 9 8 4 5 7 3 
2 6 4 7 9 5 8 3 1 
5 7 3 8 1 6 4 2 9 
1 9 8 4 3 2 6 5 7 
8 3 6 5 2 9 7 1 4 
7 1 2 3 4 8 9 6 5 
4 5 9 1 6 7 3 8 2 


Puzzel 67 solution 
2 6 5 3 8 9 4 7 1 
8 7 4 2 5 1 6 9 3 
1 9 3 6 4 7 8 5 2 
3 2 7 8 9 4 1 6 5 
9 4 6 1 2 5 3 8 7 
5 1 8 7 6 3 2 4 9 
6 3 1 5 7 8 9 2 4 
4 5 2 9 1 6 7 3 8 
7 8 9 4 3 2 5 1 6 


Puzzel 68 solution 
8 4 2 3 5 9 1 6 7 
5 7 3 1 8 6 9 4 2 
6 1 9 2 7 4 5 3 8 
1 2 7 8 6 5 3 9 4 
4 3 5 7 9 1 2 8 6 
9 6 8 4 2 3 7 1 5 
7 8 1 9 4 2 6 5 3 
3 5 4 6 1 7 8 2 9 
2 9 6 5 3 8 4 7 1 


Puzzel 69 solution 
5 3 8 2 1 9 7 4 6 
9 6 2 8 7 4 5 3 1 
1 7 4 3 5 6 2 9 8 
2 8 3 4 9 7 6 1 5 
7 4 1 5 6 8 3 2 9 
6 9 5 1 2 3 8 7 4 
3 2 9 6 4 5 1 8 7 
8 5 7 9 3 1 4 6 2 
4 1 6 7 8 2 9 5 3 


Puzzel 70 solution 
8 6 3 7 5 1 2 9 4 
9 5 7 4 3 2 6 8 1 
1 2 4 6 8 9 5 7 3 
5 3 2 9 7 6 1 4 8 
6 1 9 8 4 3 7 2 5 
7 4 8 1 2 5 9 3 6 
3 8 6 2 1 7 4 5 9 
2 9 5 3 6 4 8 1 7 
4 7 1 5 9 8 3 6 2 


Puzzel 71 solution 
9 8 6 3 2 4 1 5 7 
1 2 4 7 5 9 3 6 8 
5 3 7 8 6 1 4 2 9 
4 1 3 2 8 5 9 7 6 
6 9 5 1 7 3 2 8 4 
2 7 8 9 4 6 5 1 3 
3 4 2 6 1 7 8 9 5 
8 6 9 5 3 2 7 4 1 
7 5 1 4 9 8 6 3 2 


Puzzel 72 solution 
9 4 5 6 7 1 2 8 3 
1 3 6 4 8 2 5 9 7 
8 2 7 5 9 3 4 6 1 
6 1 4 8 3 7 9 5 2 
7 9 8 1 2 5 3 4 6 
2 5 3 9 6 4 1 7 8 
3 6 2 7 5 9 8 1 4 
5 8 1 2 4 6 7 3 9 
4 7 9 3 1 8 6 2 5 


Puzzel 73 solution 
7 2 4 3 6 9 8 5 1 
6 5 1 2 4 8 7 9 3 
8 9 3 7 1 5 6 4 2 
3 7 5 6 9 1 4 2 8 
9 1 2 8 7 4 3 6 5 
4 8 6 5 2 3 9 1 7 
2 3 8 4 5 6 1 7 9 
1 4 7 9 8 2 5 3 6 
5 6 9 1 3 7 2 8 4 


Puzzel 74 solution 
1 2 6 4 3 7 9 5 8 
8 9 5 6 2 1 4 7 3 
3 7 4 9 8 5 1 2 6 
4 5 7 1 9 3 8 6 2 
9 8 3 2 4 6 5 1 7 
6 1 2 5 7 8 3 9 4 
2 6 9 3 1 4 7 8 5 
5 4 8 7 6 9 2 3 1 
7 3 1 8 5 2 6 4 9 


Puzzel 75 solution 
1 5 2 9 4 6 8 3 7 
9 6 3 5 8 7 4 2 1 
8 4 7 2 3 1 6 9 5 
5 7 4 8 6 3 9 1 2 
2 8 9 4 1 5 7 6 3 
6 3 1 7 2 9 5 4 8 
7 9 6 1 5 2 3 8 4 
4 1 5 3 9 8 2 7 6 
3 2 8 6 7 4 1 5 9 


Puzzel 76 solution 
2 6 9 3 1 4 7 8 5 
5 4 8 7 6 9 2 3 1 
7 3 1 8 5 2 6 4 9 
1 2 6 4 3 7 9 5 8 
8 9 5 6 2 1 4 7 3 
3 7 4 9 8 5 1 2 6 
4 5 7 1 9 3 8 6 2 
9 8 3 2 4 6 5 1 7 
6 1 2 5 7 8 3 9 4 


Puzzel 77 solution 
1 5 2 6 7 8 9 4 3 
8 6 4 3 9 1 7 5 2 
9 7 3 2 4 5 6 8 1 
2 1 5 7 6 3 8 9 4 
4 9 7 5 8 2 1 3 6 
6 3 8 9 1 4 5 2 7 
3 2 1 8 5 6 4 7 9 
5 4 9 1 2 7 3 6 8 
7 8 6 4 3 9 2 1 5 


Puzzel 78 solution 
4 9 6 5 7 3 1 2 8 
3 8 1 9 2 4 6 7 5 
2 7 5 8 6 1 9 4 3 
1 5 3 7 8 9 4 6 2 
9 6 2 4 3 5 7 8 1 
8 4 7 2 1 6 5 3 9 
7 1 4 3 5 2 8 9 6 
5 2 9 6 4 8 3 1 7 
6 3 8 1 9 7 2 5 4 


Puzzel 79 solution 
2 5 3 4 7 9 8 6 1 
7 6 1 2 3 8 5 9 4 
8 9 4 5 1 6 7 3 2 
3 2 6 7 9 1 4 5 8 
9 1 5 8 2 4 3 7 6 
4 8 7 6 5 3 2 1 9 
5 4 8 1 6 7 9 2 3 
1 3 2 9 8 5 6 4 7 
6 7 9 3 4 2 1 8 5 


Puzzel 80 solution 
9 6 3 7 4 1 2 5 8 
1 5 2 3 9 8 6 7 4 
8 7 4 2 6 5 3 9 1 
3 4 5 8 7 2 1 6 9 
2 1 8 9 5 6 7 4 3 
6 9 7 1 3 4 8 2 5 
7 2 1 4 8 9 5 3 6 
5 8 9 6 2 3 4 1 7 
4 3 6 5 1 7 9 8 2 


Puzzel 81 solution 
1 5 2 3 9 8 6 4 7 
9 7 3 6 4 1 2 8 5 
8 6 4 5 7 2 9 3 1 
5 9 8 7 1 4 3 6 2 
2 4 7 9 3 6 1 5 8 
3 1 6 2 8 5 7 9 4 
7 2 5 4 6 3 8 1 9 
4 3 1 8 2 9 5 7 6 
6 8 9 1 5 7 4 2 3 


Puzzel 82 solution 
9 4 6 7 3 1 5 8 2 
1 5 7 2 4 8 6 3 9 
8 3 2 6 5 9 4 7 1 
7 1 9 4 2 3 8 6 5 
5 8 4 9 7 6 1 2 3 
6 2 3 8 1 5 9 4 7 
4 6 1 3 9 7 2 5 8 
3 9 8 5 6 2 7 1 4 
2 7 5 1 8 4 3 9 6 


Puzzel 83 solution 
9 3 2 4 7 5 8 6 1 
6 1 7 9 2 8 5 3 4 
8 4 5 6 1 3 2 7 9 
5 6 8 7 4 1 3 9 2 
4 2 9 8 3 6 7 1 5 
1 7 3 2 5 9 6 4 8 
3 5 6 1 9 2 4 8 7 
2 9 4 3 8 7 1 5 6 
7 8 1 5 6 4 9 2 3 


Puzzel 84 solution 
6 1 8 4 5 9 7 2 3 
3 4 2 8 6 7 5 1 9 
5 7 9 1 2 3 4 6 8 
2 9 6 5 3 4 1 8 7 
7 8 4 2 9 1 6 3 5 
1 5 3 7 8 6 2 9 4 
9 2 7 6 4 8 3 5 1 
8 6 1 3 7 5 9 4 2 
4 3 5 9 1 2 8 7 6 


Puzzel 85 solution 
9 5 7 2 6 1 3 8 4 
8 4 6 5 3 7 9 2 1 
1 2 3 4 8 9 5 6 7 
7 3 4 9 2 6 8 1 5 
2 9 5 8 1 4 7 3 6 
6 1 8 3 7 5 4 9 2 
5 7 2 1 9 8 6 4 3 
4 8 1 6 5 3 2 7 9 
3 6 9 7 4 2 1 5 8 


Puzzel 86 solution 
1 3 2 7 4 9 6 8 5 
8 5 7 3 6 1 9 2 4 
9 6 4 2 8 5 3 7 1 
2 1 6 4 5 7 8 3 9 
3 4 8 6 9 2 1 5 7 
5 7 9 8 1 3 2 4 6 
4 2 1 5 3 6 7 9 8 
6 8 3 9 7 4 5 1 2 
7 9 5 1 2 8 4 6 3 


Puzzel 87 solution 
7 4 6 5 1 3 8 9 2 
1 3 2 8 6 9 7 5 4 
5 9 8 7 4 2 3 1 6 
3 6 7 9 2 5 4 8 1 
9 2 5 4 8 1 6 7 3 
4 8 1 6 3 7 9 2 5 
6 7 9 1 5 4 2 3 8 
2 5 4 3 7 8 1 6 9 
8 1 3 2 9 6 5 4 7 


Puzzel 88 solution 
9 5 6 3 2 7 8 4 1 
1 2 7 4 8 6 3 9 5 
8 3 4 9 5 1 2 6 7 
5 4 8 7 3 9 6 1 2 
2 7 1 8 6 4 5 3 9 
3 6 9 2 1 5 4 7 8 
7 9 3 5 4 8 1 2 6 
4 1 5 6 9 2 7 8 3 
6 8 2 1 7 3 9 5 4 


Puzzel 89 solution 
9 3 5 7 4 8 6 2 1 
8 7 6 2 3 1 5 9 4 
1 2 4 6 9 5 7 8 3 
5 1 2 4 6 9 3 7 8 
6 4 3 8 7 2 9 1 5 
7 8 9 1 5 3 4 6 2 
2 6 7 5 1 4 8 3 9 
4 9 1 3 8 6 2 5 7 
3 5 8 9 2 7 1 4 6 


Puzzel 90 solution 
1 4 3 2 5 8 6 7 9 
8 7 2 9 6 4 1 5 3 
6 9 5 1 3 7 4 8 2 
9 8 6 5 4 1 3 2 7 
4 5 1 3 7 2 9 6 8 
2 3 7 8 9 6 5 1 4 
7 1 9 6 2 3 8 4 5 
5 6 4 7 8 9 2 3 1 
3 2 8 4 1 5 7 9 6 


Puzzel 91 solution 
9 3 7 6 5 8 2 4 1 
8 6 4 2 9 1 7 3 5 
1 2 5 7 3 4 9 8 6 
5 8 3 4 1 9 6 2 7 
6 4 9 3 7 2 5 1 8 
7 1 2 5 8 6 4 9 3 
4 7 1 9 6 3 8 5 2 
3 9 6 8 2 5 1 7 4 
2 5 8 1 4 7 3 6 9 


Puzzel 92 solution 
9 2 4 3 6 1 7 5 8 
1 5 6 4 7 8 2 9 3 
8 3 7 5 9 2 6 4 1 
6 1 3 2 4 7 9 8 5 
7 4 9 1 8 5 3 2 6 
5 8 2 9 3 6 1 7 4 
4 9 8 6 2 3 5 1 7 
3 7 1 8 5 9 4 6 2 
2 6 5 7 1 4 8 3 9 


Puzzel 93 solution 
8 5 6 4 9 1 3 7 2 
1 4 3 5 7 2 6 9 8 
9 2 7 3 6 8 4 5 1 
2 7 8 6 4 5 1 3 9 
5 1 4 9 2 3 7 8 6 
6 3 9 8 1 7 2 4 5 
3 6 1 7 8 9 5 2 4 
4 8 5 2 3 6 9 1 7 
7 9 2 1 5 4 8 6 3 


Puzzel 94 solution 
6 5 9 4 1 2 3 7 8 
2 3 8 6 7 9 4 5 1 
7 4 1 3 8 5 2 9 6 
8 6 5 7 2 3 1 4 9 
4 2 7 8 9 1 6 3 5 
9 1 3 5 4 6 7 8 2 
3 9 6 1 5 7 8 2 4 
5 7 4 2 6 8 9 1 3 
1 8 2 9 3 4 5 6 7 


Puzzel 95 solution 
3 5 4 1 8 6 9 2 7 
2 9 8 7 4 3 6 1 5 
1 6 7 9 5 2 4 8 3 
4 8 1 5 2 7 3 6 9 
9 3 2 6 1 4 5 7 8 
5 7 6 3 9 8 2 4 1 
7 2 9 8 6 5 1 3 4 
8 4 5 2 3 1 7 9 6 
6 1 3 4 7 9 8 5 2 


